word.1	word.2	word.3	word.4	word.5	word.6	word.7	word.8	word.9	word.10	word.11	word.12	word.13	word.14	word.15	word.16	word.17	word.18	word.19	word.20	word.21	word.22	word.23	word.24	word.25	word.26	word.27	word.28	word.29	word.30	word.31	word.32	word.33	word.34	word.35	word.36	word.37	word.38	word.39	word.40	word.41	word.42	word.43	word.44	word.45	word.46	word.47	word.48	word.49	word.50	
0.0208582 0.0199057 0.0197849 0.0196385 0.0197302 0.0204848 0.0204943 0.0203370 0.0195205 0.0202770 0.0203881 0.0201223 0.0205907 0.0193507 0.0196712 0.0201414 0.0205999 0.0194811 0.0199672 0.0192002 0.0200532 0.0197164 0.0193986 0.0199694 0.0206751 0.0193175 0.0196121 0.0198853 0.0202900 0.0208014 0.0197395 0.0199615 0.0200046 0.0193072 0.0202468 0.0201633 0.0197354 0.0196389 0.0198816 0.0196652 0.0194719 0.0194906 0.0205724 0.0203055 0.0203477 0.0205398 0.0199630 0.0198524 0.0204058 0.0204441
0.0198024 0.0200855 0.0199030 0.0200203 0.0198513 0.0192462 0.0195103 0.0200970 0.0201369 0.0202746 0.0199354 0.0204899 0.0199231 0.0199673 0.0205868 0.0193512 0.0192554 0.0195695 0.0200241 0.0193436 0.0196158 0.0195440 0.0197972 0.0202810 0.0190476 0.0195900 0.0202633 0.0206275 0.0204117 0.0198861 0.0202324 0.0196340 0.0198677 0.0204504 0.0217255 0.0204453 0.0200783 0.0202471 0.0207118 0.0205155 0.0196419 0.0204480 0.0183011 0.0200986 0.0197951 0.0208116 0.0200778 0.0204142 0.0201395 0.0199259
0.0209494 0.0202498 0.0199871 0.0201509 0.0201596 0.0198873 0.0203129 0.0207739 0.0206030 0.0201463 0.0202014 0.0207514 0.0192494 0.0201264 0.0193574 0.0191319 0.0193828 0.0196053 0.0206793 0.0204817 0.0198625 0.0204578 0.0201470 0.0197455 0.0198036 0.0205073 0.0198299 0.0197768 0.0198964 0.0196085 0.0199901 0.0198955 0.0194939 0.0196609 0.0203531 0.0200473 0.0197778 0.0191999 0.0193431 0.0196104 0.0194492 0.0198793 0.0203592 0.0203324 0.0203410 0.0201074 0.0201622 0.0202771 0.0194997 0.0203982
0.0208223 0.0199680 0.0200237 0.0202398 0.0197628 0.0194586 0.0203346 0.0192810 0.0200141 0.0202073 0.0197383 0.0200418 0.0193588 0.0197804 0.0200794 0.0200464 0.0198111 0.0191212 0.0202143 0.0198495 0.0208657 0.0197317 0.0194080 0.0203301 0.0200033 0.0201109 0.0196831 0.0198584 0.0188070 0.0201628 0.0194154 0.0195203 0.0200679 0.0211385 0.0194098 0.0210521 0.0205421 0.0209890 0.0201048 0.0202873 0.0199661 0.0201868 0.0198634 0.0202982 0.0198997 0.0196669 0.0203408 0.0198944 0.0207050 0.0195370
0.0203285 0.0193682 0.0198994 0.0205268 0.0198309 0.0201995 0.0205693 0.0198103 0.0199379 0.0200883 0.0204879 0.0196428 0.0191375 0.0197583 0.0203713 0.0199327 0.0197048 0.0199899 0.0197082 0.0193426 0.0205120 0.0197302 0.0199846 0.0213697 0.0203006 0.0194132 0.0201244 0.0192710 0.0198651 0.0203608 0.0196878 0.0202146 0.0198256 0.0194038 0.0198710 0.0200290 0.0199392 0.0199024 0.0205330 0.0199991 0.0198979 0.0200280 0.0208703 0.0207136 0.0201476 0.0199102 0.0195366 0.0193182 0.0204503 0.0201549
0.0197954 0.0200793 0.0198969 0.0200142 0.0198451 0.0192403 0.0195230 0.0200908 0.0201307 0.0202684 0.0199293 0.0207176 0.0199169 0.0199611 0.0205804 0.0193452 0.0192494 0.0195634 0.0200180 0.0193377 0.0196097 0.0195379 0.0197911 0.0202748 0.0190511 0.0195840 0.0202571 0.0206686 0.0204054 0.0198800 0.0202261 0.0196279 0.0198616 0.0204441 0.0217188 0.0204390 0.0200721 0.0202409 0.0207054 0.0205091 0.0196358 0.0204417 0.0182955 0.0200924 0.0197890 0.0208052 0.0200716 0.0204079 0.0201333 0.0199198
0.0208166 0.0199665 0.0200222 0.0202383 0.0197614 0.0194572 0.0203323 0.0192795 0.0200127 0.0202058 0.0197369 0.0200403 0.0193573 0.0197789 0.0200779 0.0200450 0.0198097 0.0191197 0.0202128 0.0198481 0.0208641 0.0197303 0.0194065 0.0203286 0.0200014 0.0201095 0.0196817 0.0198984 0.0188049 0.0201613 0.0194140 0.0195188 0.0200665 0.0211369 0.0194084 0.0210505 0.0205405 0.0209875 0.0201034 0.0202858 0.0199646 0.0201853 0.0198619 0.0202967 0.0198983 0.0196655 0.0203393 0.0199311 0.0207035 0.0195355
0.0207448 0.0198005 0.0193180 0.0193771 0.0200434 0.0194772 0.0207866 0.0194777 0.0198089 0.0198304 0.0197555 0.0197024 0.0201543 0.0194688 0.0194657 0.0199476 0.0202658 0.0203729 0.0194690 0.0196753 0.0204111 0.0198617 0.0208534 0.0196221 0.0197127 0.0199864 0.0204467 0.0196959 0.0198997 0.0199167 0.0200775 0.0209034 0.0194416 0.0195076 0.0207585 0.0199830 0.0204215 0.0198759 0.0198724 0.0208666 0.0197966 0.0202861 0.0198963 0.0204443 0.0197915 0.0195660 0.0205673 0.0197488 0.0203847 0.0204620
0.0208148 0.0199659 0.0200216 0.0202378 0.0197608 0.0194567 0.0203315 0.0192790 0.0200121 0.0202053 0.0197363 0.0200398 0.0193568 0.0197783 0.0200773 0.0200444 0.0198091 0.0191192 0.0202123 0.0198475 0.0208635 0.0197602 0.0194060 0.0203280 0.0200008 0.0201089 0.0196811 0.0198976 0.0188042 0.0201608 0.0194134 0.0195183 0.0200659 0.0211364 0.0194078 0.0210499 0.0205400 0.0209869 0.0201028 0.0202853 0.0199640 0.0201848 0.0198614 0.0202961 0.0198977 0.0196649 0.0203388 0.0199303 0.0207029 0.0195350
0.0197853 0.0200695 0.0198872 0.0200044 0.0198355 0.0192309 0.0195132 0.0202399 0.0201209 0.0202585 0.0199196 0.0207039 0.0199072 0.0199514 0.0205704 0.0193358 0.0192400 0.0195539 0.0200082 0.0193282 0.0196001 0.0196372 0.0197815 0.0202649 0.0190417 0.0195744 0.0202472 0.0206578 0.0203955 0.0198703 0.0202163 0.0196184 0.0198519 0.0204342 0.0217082 0.0204291 0.0200623 0.0202310 0.0206953 0.0204991 0.0198509 0.0204317 0.0182865 0.0200826 0.0197794 0.0207951 0.0200619 0.0203980 0.0201235 0.0199101
0.0197852 0.0200696 0.0198872 0.0200045 0.0198355 0.0192310 0.0195132 0.0202394 0.0201210 0.0202586 0.0199196 0.0207030 0.0199073 0.0199515 0.0205704 0.0193358 0.0192401 0.0195540 0.0200083 0.0193283 0.0196002 0.0196369 0.0197815 0.0202650 0.0190417 0.0195745 0.0202473 0.0206577 0.0203955 0.0198704 0.0202163 0.0196184 0.0198520 0.0204342 0.0217083 0.0204291 0.0200624 0.0202311 0.0206954 0.0204992 0.0198501 0.0204318 0.0182866 0.0200827 0.0197794 0.0207951 0.0200619 0.0203981 0.0201236 0.0199101
0.0197852 0.0200696 0.0198873 0.0200045 0.0198356 0.0192310 0.0195132 0.0202389 0.0201210 0.0202586 0.0199197 0.0207024 0.0199073 0.0199515 0.0205705 0.0193359 0.0192402 0.0195540 0.0200083 0.0193284 0.0196003 0.0196366 0.0197816 0.0202650 0.0190417 0.0195745 0.0202473 0.0206576 0.0203956 0.0198704 0.0202164 0.0196185 0.0198520 0.0204343 0.0217083 0.0204292 0.0200625 0.0202311 0.0206954 0.0204993 0.0198495 0.0204319 0.0182867 0.0200827 0.0197795 0.0207952 0.0200620 0.0203981 0.0201236 0.0199102
0.0208783 0.0199633 0.0200189 0.0202351 0.0197582 0.0194540 0.0203283 0.0192764 0.0200094 0.0202026 0.0197337 0.0200371 0.0193542 0.0197757 0.0200746 0.0200417 0.0198065 0.0191166 0.0202096 0.0198448 0.0208608 0.0197571 0.0194034 0.0203253 0.0199979 0.0201062 0.0196785 0.0198943 0.0188012 0.0201581 0.0194108 0.0195157 0.0200632 0.0211687 0.0194052 0.0210471 0.0205372 0.0209841 0.0201001 0.0202825 0.0199614 0.0202172 0.0198587 0.0202934 0.0198950 0.0196623 0.0203360 0.0199271 0.0207001 0.0195324
0.0209875 0.0202477 0.0199850 0.0201488 0.0201575 0.0198853 0.0203108 0.0207718 0.0206008 0.0201442 0.0201993 0.0207492 0.0192474 0.0201243 0.0193554 0.0191299 0.0193808 0.0196032 0.0206771 0.0204796 0.0198604 0.0204559 0.0201449 0.0197434 0.0198016 0.0205051 0.0198278 0.0197759 0.0198934 0.0196064 0.0199880 0.0198935 0.0194919 0.0196796 0.0203510 0.0200452 0.0197757 0.0191979 0.0193411 0.0196083 0.0194472 0.0198979 0.0203571 0.0203303 0.0203388 0.0201053 0.0201601 0.0202970 0.0194977 0.0203960
0.0209869 0.0202478 0.0199851 0.0201489 0.0201575 0.0198853 0.0203108 0.0207718 0.0206008 0.0201442 0.0201993 0.0207493 0.0192474 0.0201243 0.0193554 0.0191300 0.0193808 0.0196032 0.0206772 0.0204796 0.0198604 0.0204559 0.0201450 0.0197435 0.0198016 0.0205052 0.0198278 0.0197760 0.0198932 0.0196064 0.0199881 0.0198935 0.0194919 0.0196794 0.0203510 0.0200452 0.0197758 0.0191979 0.0193412 0.0196083 0.0194472 0.0198977 0.0203571 0.0203303 0.0203389 0.0201053 0.0201601 0.0202968 0.0194977 0.0203961
0.0197958 0.0210402 0.0204838 0.0200200 0.0205213 0.0200935 0.0201988 0.0199792 0.0197830 0.0191787 0.0199307 0.0205014 0.0203104 0.0199584 0.0195708 0.0201540 0.0196217 0.0200191 0.0198044 0.0203389 0.0200982 0.0197604 0.0203127 0.0203987 0.0196204 0.0191494 0.0201003 0.0204171 0.0198534 0.0204061 0.0201122 0.0203321 0.0199632 0.0195397 0.0192042 0.0207099 0.0194654 0.0201496 0.0203290 0.0203059 0.0200250 0.0198785 0.0197516 0.0202272 0.0198897 0.0190231 0.0202979 0.0194599 0.0194189 0.0204961
0.0208655 0.0199727 0.0200114 0.0205966 0.0197508 0.0194467 0.0203200 0.0192692 0.0200019 0.0201950 0.0197262 0.0200296 0.0193469 0.0197683 0.0200671 0.0200342 0.0197990 0.0191095 0.0202020 0.0198374 0.0208529 0.0197491 0.0193961 0.0203177 0.0199900 0.0200987 0.0196711 0.0198860 0.0187936 0.0201505 0.0194035 0.0195083 0.0200557 0.0211600 0.0193979 0.0210392 0.0205295 0.0209762 0.0200925 0.0202749 0.0199539 0.0202089 0.0198513 0.0202858 0.0198876 0.0196549 0.0203284 0.0199188 0.0206924 0.0195250
0.0197949 0.0210390 0.0204837 0.0200184 0.0205212 0.0200933 0.0201967 0.0199790 0.0197830 0.0191787 0.0199306 0.0205012 0.0203103 0.0199584 0.0195707 0.0201540 0.0196216 0.0200191 0.0198044 0.0203388 0.0200982 0.0197598 0.0203126 0.0203986 0.0196192 0.0191494 0.0201003 0.0204156 0.0198530 0.0204061 0.0201122 0.0203321 0.0199632 0.0195393 0.0192042 0.0207098 0.0194654 0.0201624 0.0203290 0.0203059 0.0200248 0.0198781 0.0197516 0.0202271 0.0198897 0.0190231 0.0202978 0.0194595 0.0194189 0.0204961
0.0208502 0.0204598 0.0200019 0.0205785 0.0197413 0.0194375 0.0203096 0.0192600 0.0199923 0.0201853 0.0197168 0.0200200 0.0193377 0.0197588 0.0200575 0.0200246 0.0197896 0.0191003 0.0201923 0.0198279 0.0208430 0.0197390 0.0193868 0.0203080 0.0199801 0.0200891 0.0196617 0.0198756 0.0187839 0.0201409 0.0193943 0.0194990 0.0200461 0.0211491 0.0193887 0.0210291 0.0205197 0.0209662 0.0200830 0.0202652 0.0199443 0.0201985 0.0198418 0.0202761 0.0198781 0.0196455 0.0203187 0.0199085 0.0206825 0.0195157
0.0209855 0.0202480 0.0199851 0.0201491 0.0201576 0.0198854 0.0203109 0.0207719 0.0206009 0.0201443 0.0201994 0.0207494 0.0192475 0.0201244 0.0193555 0.0191300 0.0193809 0.0196033 0.0206773 0.0204797 0.0198605 0.0204560 0.0201451 0.0197435 0.0198017 0.0205052 0.0198279 0.0197760 0.0198927 0.0196065 0.0199882 0.0198936 0.0194920 0.0196788 0.0203511 0.0200453 0.0197758 0.0191980 0.0193412 0.0196084 0.0194473 0.0198971 0.0203572 0.0203304 0.0203390 0.0201054 0.0201602 0.0202962 0.0194978 0.0203962
0.0199782 0.0200952 0.0198735 0.0200243 0.0198218 0.0194196 0.0194987 0.0202168 0.0201070 0.0202445 0.0199058 0.0206763 0.0198935 0.0199376 0.0205562 0.0193224 0.0192268 0.0195404 0.0199944 0.0193149 0.0195866 0.0196174 0.0197678 0.0202626 0.0190280 0.0195609 0.0202332 0.0206408 0.0203814 0.0198566 0.0202023 0.0196048 0.0198382 0.0204201 0.0216932 0.0204150 0.0200485 0.0204591 0.0206810 0.0204850 0.0198242 0.0204177 0.0182739 0.0200688 0.0197657 0.0207807 0.0200480 0.0203839 0.0201096 0.0198964
0.0208444 0.0204478 0.0200013 0.0205699 0.0197408 0.0194369 0.0203084 0.0192594 0.0199918 0.0201848 0.0197163 0.0200194 0.0193371 0.0197583 0.0200569 0.0200241 0.0197890 0.0190998 0.0201918 0.0198274 0.0208424 0.0197378 0.0194238 0.0203278 0.0199792 0.0200885 0.0196612 0.0198742 0.0187827 0.0201403 0.0193937 0.0194985 0.0200455 0.0211478 0.0193881 0.0210286 0.0205191 0.0209656 0.0200824 0.0202647 0.0199438 0.0201972 0.0198412 0.0202755 0.0198775 0.0196449 0.0203181 0.0199071 0.0206819 0.0195152
0.0209843 0.0202476 0.0199847 0.0201487 0.0201572 0.0198850 0.0203105 0.0207715 0.0206005 0.0201439 0.0201990 0.0207489 0.0192471 0.0201240 0.0193551 0.0191297 0.0193805 0.0196029 0.0206768 0.0204793 0.0198601 0.0204556 0.0201669 0.0197431 0.0198013 0.0205048 0.0198275 0.0197756 0.0198920 0.0196061 0.0199878 0.0198932 0.0194916 0.0196780 0.0203507 0.0200449 0.0197754 0.0191976 0.0193408 0.0196080 0.0194469 0.0198964 0.0203568 0.0203300 0.0203385 0.0201050 0.0201598 0.0202954 0.0194974 0.0203958
0.0210931 0.0202878 0.0194562 0.0195557 0.0201817 0.0198441 0.0199713 0.0195106 0.0200646 0.0195722 0.0197934 0.0201547 0.0203836 0.0199782 0.0206214 0.0199193 0.0205100 0.0201477 0.0199386 0.0198469 0.0202268 0.0200775 0.0203840 0.0196805 0.0195555 0.0209537 0.0196244 0.0199520 0.0194972 0.0201194 0.0198709 0.0202108 0.0196061 0.0192405 0.0196611 0.0202612 0.0212770 0.0200772 0.0200886 0.0200160 0.0198721 0.0198538 0.0196855 0.0205067 0.0202469 0.0203140 0.0196712 0.0198175 0.0192388 0.0195816
0.0209813 0.0203727 0.0199822 0.0201461 0.0201547 0.0198825 0.0203079 0.0207688 0.0205979 0.0201413 0.0201964 0.0207463 0.0192446 0.0201214 0.0193526 0.0191272 0.0193780 0.0196004 0.0206742 0.0204767 0.0198576 0.0204530 0.0201642 0.0197406 0.0197988 0.0205022 0.0198250 0.0197731 0.0198893 0.0196036 0.0199852 0.0198907 0.0194892 0.0196754 0.0203481 0.0200423 0.0197729 0.0191951 0.0193384 0.0196055 0.0194444 0.0198937 0.0203542 0.0203274 0.0203360 0.0201024 0.0201572 0.0202927 0.0194949 0.0203932
0.0197980 0.0210424 0.0204778 0.0200091 0.0205153 0.0200870 0.0202385 0.0199729 0.0197773 0.0191731 0.0199249 0.0204948 0.0203045 0.0199526 0.0195651 0.0201482 0.0196160 0.0200133 0.0197987 0.0204158 0.0200924 0.0197529 0.0203262 0.0204656 0.0196113 0.0191438 0.0200945 0.0204064 0.0198467 0.0204002 0.0201064 0.0203262 0.0199574 0.0195329 0.0191986 0.0207039 0.0194598 0.0201561 0.0203231 0.0203000 0.0200185 0.0198717 0.0197459 0.0202736 0.0198840 0.0190176 0.0202920 0.0194531 0.0194133 0.0205010
0.0208312 0.0207768 0.0199940 0.0205536 0.0197336 0.0194298 0.0203145 0.0192524 0.0199845 0.0201774 0.0197091 0.0200121 0.0193301 0.0197511 0.0200496 0.0200167 0.0197818 0.0190928 0.0201844 0.0198427 0.0208348 0.0197299 0.0194158 0.0203198 0.0199715 0.0200811 0.0196540 0.0198660 0.0187752 0.0201329 0.0193866 0.0194913 0.0200382 0.0211392 0.0193810 0.0210209 0.0205116 0.0209579 0.0200750 0.0202573 0.0199365 0.0201890 0.0198340 0.0202824 0.0198702 0.0196378 0.0203107 0.0198990 0.0206743 0.0195080
0.0209803 0.0203698 0.0199823 0.0201463 0.0201548 0.0198826 0.0203081 0.0207690 0.0205980 0.0201414 0.0201966 0.0207464 0.0192448 0.0201216 0.0193528 0.0191274 0.0193782 0.0196006 0.0206744 0.0204768 0.0198577 0.0204531 0.0201638 0.0197408 0.0197989 0.0205024 0.0198251 0.0197732 0.0198891 0.0196038 0.0199854 0.0198908 0.0194893 0.0196750 0.0203482 0.0200425 0.0197731 0.0191953 0.0193385 0.0196057 0.0194446 0.0198934 0.0203543 0.0203275 0.0203361 0.0201025 0.0201574 0.0202923 0.0194951 0.0203933
0.0197947 0.0210384 0.0205488 0.0200046 0.0205141 0.0200854 0.0202309 0.0199714 0.0197761 0.0191720 0.0199237 0.0204931 0.0203033 0.0199514 0.0195639 0.0201470 0.0196148 0.0200195 0.0198049 0.0204112 0.0200986 0.0197506 0.0203242 0.0204614 0.0196079 0.0191427 0.0200933 0.0204021 0.0198449 0.0203990 0.0201052 0.0203250 0.0199563 0.0195311 0.0191975 0.0207026 0.0194586 0.0201544 0.0203219 0.0202988 0.0200169 0.0198698 0.0197447 0.0202703 0.0198828 0.0190164 0.0202908 0.0194512 0.0194121 0.0204993
0.0210146 0.0201949 0.0199602 0.0198162 0.0196746 0.0205252 0.0206904 0.0203521 0.0194654 0.0202198 0.0203306 0.0201711 0.0205326 0.0192962 0.0196157 0.0200846 0.0205418 0.0194997 0.0199844 0.0192778 0.0200702 0.0196610 0.0194105 0.0200287 0.0207023 0.0192631 0.0195568 0.0198378 0.0202829 0.0207428 0.0196839 0.0199053 0.0199483 0.0193110 0.0201898 0.0201064 0.0196798 0.0197015 0.0198256 0.0196098 0.0195199 0.0194939 0.0205144 0.0203312 0.0202903 0.0204819 0.0199067 0.0198584 0.0203483 0.0204896
0.0208126 0.0207386 0.0205872 0.0205314 0.0197227 0.0194192 0.0203019 0.0192418 0.0199735 0.0201663 0.0196983 0.0200011 0.0193195 0.0197402 0.0200386 0.0200058 0.0197709 0.0190824 0.0201733 0.0198311 0.0208233 0.0197182 0.0194040 0.0203081 0.0199601 0.0200701 0.0196432 0.0198539 0.0187640 0.0201219 0.0193760 0.0194806 0.0200272 0.0211266 0.0193704 0.0210093 0.0205004 0.0209464 0.0200640 0.0202462 0.0199256 0.0201769 0.0198231 0.0202708 0.0198594 0.0196270 0.0202995 0.0198870 0.0206630 0.0194973
0.0208117 0.0207341 0.0205839 0.0205297 0.0197230 0.0194194 0.0203019 0.0192421 0.0199738 0.0201666 0.0196985 0.0200014 0.0193197 0.0197405 0.0200389 0.0200060 0.0197712 0.0190826 0.0201736 0.0198312 0.0208236 0.0197183 0.0194040 0.0203082 0.0199603 0.0200704 0.0196435 0.0198540 0.0187641 0.0201222 0.0193763 0.0194809 0.0200275 0.0211267 0.0193707 0.0210096 0.0205006 0.0209467 0.0200643 0.0202464 0.0199258 0.0201770 0.0198234 0.0202710 0.0198596 0.0196273 0.0202998 0.0198871 0.0206633 0.0194976
0.0199232 0.0200772 0.0199134 0.0199883 0.0197893 0.0195430 0.0194727 0.0205179 0.0200741 0.0205749 0.0198732 0.0206220 0.0198609 0.0200792 0.0205225 0.0192908 0.0191953 0.0196455 0.0200987 0.0192953 0.0196916 0.0195756 0.0197354 0.0202283 0.0189960 0.0195289 0.0202001 0.0206028 0.0203480 0.0198241 0.0201692 0.0195727 0.0198057 0.0203866 0.0216577 0.0203815 0.0200157 0.0204028 0.0206471 0.0204514 0.0197718 0.0203842 0.0182440 0.0200435 0.0197333 0.0207467 0.0200152 0.0203505 0.0200767 0.0200554
0.0208069 0.0207143 0.0205694 0.0205219 0.0197235 0.0194200 0.0203015 0.0192426 0.0199743 0.0201671 0.0196991 0.0200020 0.0193203 0.0197410 0.0200394 0.0200066 0.0197717 0.0190831 0.0201741 0.0198312 0.0208242 0.0197182 0.0194037 0.0203083 0.0199605 0.0200710 0.0196440 0.0198536 0.0187639 0.0201227 0.0193768 0.0194815 0.0200280 0.0211265 0.0193712 0.0210102 0.0205309 0.0209473 0.0200649 0.0202470 0.0199264 0.0201767 0.0198239 0.0202712 0.0198602 0.0196278 0.0203004 0.0198868 0.0206639 0.0194981
0.0209774 0.0203620 0.0199923 0.0201460 0.0201546 0.0198824 0.0203078 0.0207687 0.0205978 0.0201412 0.0201963 0.0207462 0.0192445 0.0201213 0.0193525 0.0191271 0.0193779 0.0196004 0.0206741 0.0204766 0.0198575 0.0204529 0.0201622 0.0197405 0.0197987 0.0205021 0.0198249 0.0197729 0.0198878 0.0196035 0.0199851 0.0198906 0.0194891 0.0196737 0.0203480 0.0200422 0.0197903 0.0191951 0.0193383 0.0196055 0.0194444 0.0198920 0.0203541 0.0203273 0.0203359 0.0201023 0.0201571 0.0202909 0.0194948 0.0203931
0.0199173 0.0200732 0.0199092 0.0199846 0.0199842 0.0195355 0.0194692 0.0205088 0.0200707 0.0205672 0.0198698 0.0206162 0.0198575 0.0200737 0.0205190 0.0192875 0.0192001 0.0196405 0.0200937 0.0192919 0.0196866 0.0195712 0.0197321 0.0202248 0.0189927 0.0195256 0.0201967 0.0205989 0.0203446 0.0198207 0.0201658 0.0195694 0.0198024 0.0203832 0.0216540 0.0203781 0.0200123 0.0203968 0.0206436 0.0204480 0.0197662 0.0203807 0.0182409 0.0200400 0.0197300 0.0207431 0.0200118 0.0203471 0.0200733 0.0200498
0.0208009 0.0206901 0.0205514 0.0205123 0.0197544 0.0194205 0.0203007 0.0192431 0.0199749 0.0201677 0.0196996 0.0200025 0.0193208 0.0197416 0.0200400 0.0200071 0.0197862 0.0190837 0.0201747 0.0198311 0.0208248 0.0197179 0.0194031 0.0203083 0.0199606 0.0200715 0.0196445 0.0198531 0.0187636 0.0201233 0.0193773 0.0194820 0.0200286 0.0211261 0.0193717 0.0210108 0.0205305 0.0209479 0.0200654 0.0202475 0.0199269 0.0201763 0.0198244 0.0202713 0.0198607 0.0196283 0.0203009 0.0198863 0.0206644 0.0194987
0.0209758 0.0203577 0.0199917 0.0201459 0.0201722 0.0198822 0.0203077 0.0207686 0.0205976 0.0201411 0.0201962 0.0207460 0.0192444 0.0201212 0.0193524 0.0191270 0.0193778 0.0196002 0.0206740 0.0204764 0.0198574 0.0204527 0.0201614 0.0197404 0.0197985 0.0205020 0.0198247 0.0197727 0.0198871 0.0196034 0.0199850 0.0198904 0.0194889 0.0196729 0.0203478 0.0200421 0.0197896 0.0191949 0.0193381 0.0196053 0.0194442 0.0198912 0.0203539 0.0203271 0.0203357 0.0201022 0.0201570 0.0202900 0.0194947 0.0203929
0.0201761 0.0202316 0.0208531 0.0210528 0.0197468 0.0201137 0.0205822 0.0197262 0.0198531 0.0200029 0.0204008 0.0195593 0.0190562 0.0196743 0.0202847 0.0198479 0.0198451 0.0199049 0.0196244 0.0195895 0.0204248 0.0199412 0.0198998 0.0215682 0.0201605 0.0193307 0.0200388 0.0191891 0.0197806 0.0202742 0.0196041 0.0201286 0.0197413 0.0193214 0.0197865 0.0199438 0.0198545 0.0198178 0.0204457 0.0199141 0.0198134 0.0199430 0.0211088 0.0208335 0.0200619 0.0198256 0.0194536 0.0192362 0.0203633 0.0200692
0.0207956 0.0206703 0.0205367 0.0205041 0.0197535 0.0194204 0.0202996 0.0192431 0.0200158 0.0201676 0.0196995 0.0200024 0.0193207 0.0197415 0.0200399 0.0200071 0.0197858 0.0190836 0.0201746 0.0198305 0.0208247 0.0197172 0.0194022 0.0203077 0.0199602 0.0200714 0.0196445 0.0198521 0.0187629 0.0201232 0.0193773 0.0194819 0.0200285 0.0211253 0.0193717 0.0210107 0.0205297 0.0209478 0.0200653 0.0202475 0.0199268 0.0201755 0.0198442 0.0202709 0.0198606 0.0196283 0.0203009 0.0198854 0.0206643 0.0194986
0.0210035 0.0202918 0.0198300 0.0195318 0.0202893 0.0198626 0.0199509 0.0195748 0.0200488 0.0196461 0.0197769 0.0201291 0.0204060 0.0200048 0.0206041 0.0199027 0.0205001 0.0201649 0.0199559 0.0198409 0.0202439 0.0200230 0.0203522 0.0196624 0.0195379 0.0209362 0.0196080 0.0199351 0.0194698 0.0201026 0.0198542 0.0201939 0.0195897 0.0192116 0.0196446 0.0202442 0.0213299 0.0200506 0.0200718 0.0199992 0.0198470 0.0198243 0.0196796 0.0204883 0.0202300 0.0202969 0.0196915 0.0197873 0.0192227 0.0195566
0.0198990 0.0200675 0.0199021 0.0199808 0.0199669 0.0195058 0.0194660 0.0204690 0.0201145 0.0205369 0.0198685 0.0205992 0.0200004 0.0200585 0.0205184 0.0192862 0.0191982 0.0196283 0.0200814 0.0192896 0.0196744 0.0195625 0.0197307 0.0202225 0.0189907 0.0195242 0.0201953 0.0205943 0.0203432 0.0198193 0.0201644 0.0195680 0.0198010 0.0203818 0.0216525 0.0203767 0.0200109 0.0203780 0.0206422 0.0204466 0.0197497 0.0203793 0.0182505 0.0200380 0.0197286 0.0207417 0.0201450 0.0203457 0.0200719 0.0200332
0.0209829 0.0203494 0.0199884 0.0201430 0.0201685 0.0198794 0.0203048 0.0207656 0.0205958 0.0201382 0.0201933 0.0207431 0.0192416 0.0201183 0.0194930 0.0191243 0.0193750 0.0195974 0.0206710 0.0204735 0.0198545 0.0204498 0.0201576 0.0197376 0.0197957 0.0204990 0.0198219 0.0197698 0.0198836 0.0196006 0.0199821 0.0198876 0.0194861 0.0196692 0.0203449 0.0200392 0.0197859 0.0191922 0.0193354 0.0196025 0.0194414 0.0198875 0.0203510 0.0203242 0.0203328 0.0200993 0.0201541 0.0202863 0.0194919 0.0203900
0.0198987 0.0200674 0.0199019 0.0199806 0.0199666 0.0195054 0.0194659 0.0204685 0.0201143 0.0205365 0.0198684 0.0205989 0.0200002 0.0200583 0.0205183 0.0192938 0.0191981 0.0196281 0.0200812 0.0192895 0.0196742 0.0195623 0.0197306 0.0202224 0.0189907 0.0195241 0.0201952 0.0205942 0.0203431 0.0198193 0.0201643 0.0195680 0.0198009 0.0203817 0.0216524 0.0203766 0.0200108 0.0203777 0.0206421 0.0204465 0.0197494 0.0203792 0.0182504 0.0200379 0.0197286 0.0207416 0.0201448 0.0203456 0.0200718 0.0200329
0.0197931 0.0210240 0.0205472 0.0199891 0.0205327 0.0200868 0.0202058 0.0199814 0.0198508 0.0191838 0.0199181 0.0204996 0.0203051 0.0199541 0.0195718 0.0201904 0.0196566 0.0200130 0.0197984 0.0203955 0.0200920 0.0197417 0.0203162 0.0204468 0.0195959 0.0191373 0.0200877 0.0203871 0.0198376 0.0203932 0.0200995 0.0203193 0.0199507 0.0195235 0.0191921 0.0206968 0.0194673 0.0201472 0.0203162 0.0202931 0.0200100 0.0198622 0.0198082 0.0202583 0.0198772 0.0190111 0.0202921 0.0194436 0.0194067 0.0204922
0.0209814 0.0203464 0.0199881 0.0201429 0.0201680 0.0198793 0.0203047 0.0207655 0.0205957 0.0201381 0.0201932 0.0207581 0.0192416 0.0201182 0.0194890 0.0191242 0.0193749 0.0195973 0.0206709 0.0204734 0.0198545 0.0204497 0.0201570 0.0197375 0.0197956 0.0204990 0.0198218 0.0197697 0.0198831 0.0196006 0.0199820 0.0198875 0.0194860 0.0196687 0.0203449 0.0200392 0.0197854 0.0191921 0.0193353 0.0196024 0.0194413 0.0198870 0.0203509 0.0203242 0.0203327 0.0200992 0.0201540 0.0202857 0.0194918 0.0203899
0.0198863 0.0208814 0.0203620 0.0213235 0.0197764 0.0194539 0.0194826 0.0199761 0.0198602 0.0207430 0.0199855 0.0203163 0.0192895 0.0197071 0.0204860 0.0194330 0.0194505 0.0205771 0.0197141 0.0206298 0.0193690 0.0196673 0.0205204 0.0211033 0.0205940 0.0191309 0.0201572 0.0202248 0.0196791 0.0202752 0.0199192 0.0202123 0.0199843 0.0190244 0.0202871 0.0198903 0.0204674 0.0199203 0.0197248 0.0194851 0.0199653 0.0194302 0.0207134 0.0201848 0.0193505 0.0197763 0.0194371 0.0207803 0.0202338 0.0191574
0.0197836 0.0211481 0.0206036 0.0199790 0.0205244 0.0200790 0.0201925 0.0199733 0.0198402 0.0191806 0.0199111 0.0204914 0.0202976 0.0199467 0.0195643 0.0201811 0.0196475 0.0200057 0.0197912 0.0203852 0.0200847 0.0197337 0.0203083 0.0204369 0.0195869 0.0191306 0.0200806 0.0203771 0.0198300 0.0203861 0.0201596 0.0203121 0.0200107 0.0195160 0.0191854 0.0206896 0.0194598 0.0201397 0.0203091 0.0202860 0.0200026 0.0198545 0.0197981 0.0202492 0.0199373 0.0190044 0.0202847 0.0194360 0.0193998 0.0204846
0.0207828 0.0206283 0.0204927 0.0204632 0.0197369 0.0194066 0.0202818 0.0192294 0.0199980 0.0202173 0.0196855 0.0200128 0.0193070 0.0197274 0.0200643 0.0203487 0.0197705 0.0190700 0.0201602 0.0198146 0.0208098 0.0197010 0.0193856 0.0202917 0.0199448 0.0200571 0.0196305 0.0198352 0.0187474 0.0204015 0.0193819 0.0194680 0.0200327 0.0211078 0.0193578 0.0209957 0.0205126 0.0209329 0.0200510 0.0202330 0.0199126 0.0201587 0.0198284 0.0202554 0.0198649 0.0196143 0.0202864 0.0198687 0.0206496 0.0194847
0.0198827 0.0200818 0.0199049 0.0199759 0.0199515 0.0196427 0.0194616 0.0204360 0.0201084 0.0206217 0.0198655 0.0205840 0.0199876 0.0200447 0.0205153 0.0193113 0.0191948 0.0196169 0.0200700 0.0192860 0.0196630 0.0195539 0.0197278 0.0202189 0.0189874 0.0195213 0.0201923 0.0205888 0.0203401 0.0198341 0.0201717 0.0195651 0.0198084 0.0203787 0.0216493 0.0203736 0.0200079 0.0203614 0.0206391 0.0204435 0.0197349 0.0203763 0.0182471 0.0200346 0.0197360 0.0207386 0.0201328 0.0203427 0.0200689 0.0200183
0.0209927 0.0203411 0.0199878 0.0201431 0.0201673 0.0198795 0.0203049 0.0207657 0.0205958 0.0201385 0.0201934 0.0207575 0.0192417 0.0201184 0.0194819 0.0191245 0.0193751 0.0195975 0.0206711 0.0204736 0.0198546 0.0204498 0.0201562 0.0197377 0.0197958 0.0204991 0.0198220 0.0197698 0.0198826 0.0196008 0.0199822 0.0198877 0.0194862 0.0196681 0.0203450 0.0200393 0.0197848 0.0191922 0.0193355 0.0196026 0.0194415 0.0198864 0.0203511 0.0203243 0.0203329 0.0200994 0.0201542 0.0202850 0.0194920 0.0203901
0.0208014 0.0206112 0.0204803 0.0204569 0.0197368 0.0194071 0.0202815 0.0192299 0.0199976 0.0202163 0.0197083 0.0200128 0.0193075 0.0197280 0.0200639 0.0203404 0.0197708 0.0190705 0.0201608 0.0198147 0.0208104 0.0197010 0.0193854 0.0202919 0.0199451 0.0200577 0.0196310 0.0198350 0.0187474 0.0203948 0.0193820 0.0194686 0.0200328 0.0211077 0.0193584 0.0209963 0.0205126 0.0209334 0.0200516 0.0202336 0.0199132 0.0201586 0.0198285 0.0202557 0.0198650 0.0196148 0.0202870 0.0198685 0.0206502 0.0194852
0.0198760 0.0200788 0.0199018 0.0199743 0.0199451 0.0196267 0.0194602 0.0204217 0.0201062 0.0206072 0.0198771 0.0205777 0.0199824 0.0200391 0.0205144 0.0193096 0.0191938 0.0196123 0.0200653 0.0192849 0.0196584 0.0195505 0.0197270 0.0202178 0.0189865 0.0195205 0.0201915 0.0205869 0.0203393 0.0198327 0.0201706 0.0197081 0.0198073 0.0203779 0.0216484 0.0203728 0.0200071 0.0203545 0.0206383 0.0204427 0.0197288 0.0203755 0.0182460 0.0200336 0.0197349 0.0207378 0.0201279 0.0203418 0.0200681 0.0200122
0.0207974 0.0205961 0.0204695 0.0204516 0.0197613 0.0194079 0.0202816 0.0192307 0.0199976 0.0202157 0.0197086 0.0200131 0.0193083 0.0197288 0.0200639 0.0203333 0.0197713 0.0190713 0.0201617 0.0198151 0.0208113 0.0197014 0.0193855 0.0202924 0.0199457 0.0200585 0.0196318 0.0198351 0.0187477 0.0203891 0.0193824 0.0194694 0.0200332 0.0211081 0.0193592 0.0209972 0.0205129 0.0209343 0.0200524 0.0202345 0.0199140 0.0201589 0.0198289 0.0202563 0.0198655 0.0196157 0.0202878 0.0198688 0.0206511 0.0194861
0.0207961 0.0205909 0.0204658 0.0204499 0.0197614 0.0194084 0.0202818 0.0192312 0.0199978 0.0202157 0.0197089 0.0200133 0.0193088 0.0197293 0.0200641 0.0203310 0.0197717 0.0190718 0.0201621 0.0198155 0.0208118 0.0197017 0.0193858 0.0202928 0.0199461 0.0200590 0.0196323 0.0198354 0.0187480 0.0203873 0.0193827 0.0194699 0.0200336 0.0211084 0.0193597 0.0209977 0.0205132 0.0209348 0.0200529 0.0202349 0.0199145 0.0201591 0.0198292 0.0202567 0.0198658 0.0196161 0.0202883 0.0198690 0.0206515 0.0194865
0.0198691 0.0200730 0.0198960 0.0199689 0.0199383 0.0196172 0.0194550 0.0204125 0.0201006 0.0205978 0.0198719 0.0205708 0.0199760 0.0201474 0.0205091 0.0193043 0.0191888 0.0196061 0.0200591 0.0192798 0.0196522 0.0195447 0.0197219 0.0202125 0.0189815 0.0196938 0.0201862 0.0205812 0.0203341 0.0198275 0.0201653 0.0197016 0.0198020 0.0203727 0.0216429 0.0203676 0.0200019 0.0203475 0.0206330 0.0204374 0.0197222 0.0203702 0.0182412 0.0200283 0.0197297 0.0207325 0.0201215 0.0203366 0.0200629 0.0200055
0.0208217 0.0205889 0.0204643 0.0204488 0.0197609 0.0194080 0.0202813 0.0192308 0.0199973 0.0202151 0.0197085 0.0200129 0.0193084 0.0197289 0.0200636 0.0203298 0.0197713 0.0190714 0.0201617 0.0198150 0.0208114 0.0197012 0.0193853 0.0202923 0.0199456 0.0200586 0.0196319 0.0198349 0.0187475 0.0203862 0.0193823 0.0194695 0.0200331 0.0211079 0.0193593 0.0209973 0.0205127 0.0209344 0.0200525 0.0202346 0.0199141 0.0201587 0.0198288 0.0202563 0.0198653 0.0196157 0.0202879 0.0198686 0.0206511 0.0194862
0.0198045 0.0211344 0.0205933 0.0199737 0.0205344 0.0200850 0.0201830 0.0199709 0.0198341 0.0191783 0.0199876 0.0204890 0.0202962 0.0199512 0.0195625 0.0201770 0.0196436 0.0200043 0.0197898 0.0203798 0.0200833 0.0197312 0.0203063 0.0204320 0.0195831 0.0191390 0.0200797 0.0203720 0.0198283 0.0203851 0.0201541 0.0203186 0.0200053 0.0195142 0.0191908 0.0206886 0.0194580 0.0201381 0.0203081 0.0202850 0.0200010 0.0198527 0.0197928 0.0202454 0.0199319 0.0190035 0.0202832 0.0194342 0.0193989 0.0204831
0.0210054 0.0203363 0.0199872 0.0201429 0.0201805 0.0198793 0.0203047 0.0207655 0.0205956 0.0201382 0.0201932 0.0207566 0.0192415 0.0201182 0.0194756 0.0191243 0.0193749 0.0195973 0.0206709 0.0204734 0.0198544 0.0204496 0.0201552 0.0197375 0.0197956 0.0204989 0.0198218 0.0197696 0.0198818 0.0196006 0.0199820 0.0198874 0.0194860 0.0196672 0.0203448 0.0200391 0.0197839 0.0191920 0.0193353 0.0196024 0.0194413 0.0198855 0.0203509 0.0203241 0.0203327 0.0200992 0.0201540 0.0202841 0.0194919 0.0203899
0.0210049 0.0203358 0.0199872 0.0201429 0.0201803 0.0198793 0.0203047 0.0207655 0.0205956 0.0201383 0.0201932 0.0207566 0.0192416 0.0201182 0.0194749 0.0191243 0.0193750 0.0195973 0.0206709 0.0204734 0.0198545 0.0204497 0.0201552 0.0197375 0.0197956 0.0204990 0.0198219 0.0197696 0.0198818 0.0196007 0.0199821 0.0198875 0.0194861 0.0196671 0.0203449 0.0200392 0.0197839 0.0191921 0.0193353 0.0196024 0.0194414 0.0198854 0.0203510 0.0203242 0.0203328 0.0200992 0.0201540 0.0202840 0.0194920 0.0203899
0.0210044 0.0203350 0.0199872 0.0201430 0.0201802 0.0198794 0.0203048 0.0207656 0.0205957 0.0201384 0.0201933 0.0207565 0.0192417 0.0201183 0.0194738 0.0191244 0.0193750 0.0195974 0.0206710 0.0204735 0.0198545 0.0204498 0.0201551 0.0197376 0.0197957 0.0204991 0.0198219 0.0197697 0.0198817 0.0196007 0.0199821 0.0198876 0.0194861 0.0196671 0.0203450 0.0200392 0.0197838 0.0191922 0.0193354 0.0196025 0.0194414 0.0198854 0.0203510 0.0203242 0.0203328 0.0200993 0.0201541 0.0202840 0.0194920 0.0203900
0.0198952 0.0211276 0.0205877 0.0200301 0.0205312 0.0200821 0.0201777 0.0199681 0.0198300 0.0191756 0.0199834 0.0204861 0.0202937 0.0199486 0.0195600 0.0201736 0.0196403 0.0200018 0.0197874 0.0203759 0.0200808 0.0197285 0.0203036 0.0204283 0.0195799 0.0191366 0.0200774 0.0203682 0.0198258 0.0203828 0.0201502 0.0203161 0.0200015 0.0195116 0.0191885 0.0206862 0.0194554 0.0201355 0.0203058 0.0202827 0.0199985 0.0198501 0.0197890 0.0202421 0.0199280 0.0190013 0.0202808 0.0194316 0.0193967 0.0204805
0.0198764 0.0200699 0.0198927 0.0199936 0.0199313 0.0195989 0.0194537 0.0203963 0.0200985 0.0205812 0.0198708 0.0205639 0.0199703 0.0201366 0.0205086 0.0193028 0.0191880 0.0196012 0.0200541 0.0192789 0.0196473 0.0195412 0.0197214 0.0202116 0.0189807 0.0196862 0.0201857 0.0205794 0.0203335 0.0198263 0.0201644 0.0196954 0.0198011 0.0203721 0.0217605 0.0203670 0.0200014 0.0203399 0.0206325 0.0204369 0.0197154 0.0203697 0.0182403 0.0200276 0.0197288 0.0207319 0.0201162 0.0203361 0.0200831 0.0199987
0.0208260 0.0205497 0.0204324 0.0207175 0.0197703 0.0193967 0.0202681 0.0192196 0.0199842 0.0202009 0.0196961 0.0200003 0.0192971 0.0197174 0.0200504 0.0203044 0.0197593 0.0190603 0.0201500 0.0198028 0.0207993 0.0196889 0.0193729 0.0202799 0.0199336 0.0200469 0.0196205 0.0198222 0.0187358 0.0203632 0.0193703 0.0194581 0.0200207 0.0210946 0.0193480 0.0210079 0.0204998 0.0209222 0.0200408 0.0202228 0.0199025 0.0201460 0.0198165 0.0202440 0.0198531 0.0196043 0.0202761 0.0198559 0.0209752 0.0194748
0.0208245 0.0205449 0.0204291 0.0207136 0.0197703 0.0193972 0.0202684 0.0192201 0.0199845 0.0202010 0.0196965 0.0200007 0.0192977 0.0197180 0.0200507 0.0203023 0.0197598 0.0190608 0.0201506 0.0198032 0.0207998 0.0196893 0.0193732 0.0202803 0.0199340 0.0200475 0.0196210 0.0198226 0.0187361 0.0203616 0.0193707 0.0194587 0.0200212 0.0210950 0.0193486 0.0210084 0.0205002 0.0209228 0.0200414 0.0202233 0.0199031 0.0201463 0.0198170 0.0202445 0.0198535 0.0196049 0.0202767 0.0198563 0.0209731 0.0194754
0.0210021 0.0203322 0.0199867 0.0201428 0.0201925 0.0198791 0.0203045 0.0207653 0.0205954 0.0201381 0.0201930 0.0207558 0.0192414 0.0201180 0.0194701 0.0191241 0.0193747 0.0195971 0.0206707 0.0204732 0.0198542 0.0204494 0.0201543 0.0197373 0.0197954 0.0204987 0.0198216 0.0197694 0.0198811 0.0196004 0.0199818 0.0198873 0.0194858 0.0196664 0.0203447 0.0200524 0.0197831 0.0191919 0.0193351 0.0196022 0.0194411 0.0198847 0.0203507 0.0203239 0.0203325 0.0200990 0.0201538 0.0202832 0.0194917 0.0203897
0.0198684 0.0202304 0.0198865 0.0199877 0.0199237 0.0195871 0.0194484 0.0203851 0.0200927 0.0205699 0.0198655 0.0205562 0.0201080 0.0201275 0.0205032 0.0192974 0.0191829 0.0195944 0.0200472 0.0192738 0.0196405 0.0195350 0.0197163 0.0202062 0.0189757 0.0196784 0.0201805 0.0205736 0.0203283 0.0198209 0.0201590 0.0196881 0.0197959 0.0203668 0.0217530 0.0203618 0.0199963 0.0203319 0.0206353 0.0204316 0.0197080 0.0203644 0.0182355 0.0200223 0.0197235 0.0207265 0.0201092 0.0203308 0.0200776 0.0199912
0.0206997 0.0203948 0.0195699 0.0198194 0.0199948 0.0194335 0.0207324 0.0194333 0.0197599 0.0197842 0.0197213 0.0196510 0.0201067 0.0194225 0.0195255 0.0201895 0.0202228 0.0203223 0.0194208 0.0196380 0.0203604 0.0198110 0.0208003 0.0195834 0.0196577 0.0199378 0.0203945 0.0196450 0.0198488 0.0201079 0.0200393 0.0208519 0.0194050 0.0194579 0.0207072 0.0199321 0.0203695 0.0198275 0.0198332 0.0208132 0.0197448 0.0202343 0.0198583 0.0204003 0.0197540 0.0195161 0.0205164 0.0196983 0.0206400 0.0204119
0.0198887 0.0211296 0.0205822 0.0200249 0.0205401 0.0200795 0.0201726 0.0199656 0.0198509 0.0191732 0.0199794 0.0204836 0.0202991 0.0199462 0.0195701 0.0201705 0.0196372 0.0199997 0.0197853 0.0203723 0.0200787 0.0197260 0.0203012 0.0204249 0.0195769 0.0191344 0.0200907 0.0203648 0.0198235 0.0203808 0.0201466 0.0203139 0.0199979 0.0195094 0.0191864 0.0206960 0.0194532 0.0201333 0.0203561 0.0202807 0.0199964 0.0198478 0.0197854 0.0202391 0.0199245 0.0189995 0.0202786 0.0194293 0.0193948 0.0204783
0.0210002 0.0203299 0.0199859 0.0201421 0.0201911 0.0198784 0.0203038 0.0207646 0.0206222 0.0201374 0.0201923 0.0207549 0.0192407 0.0201173 0.0194811 0.0191235 0.0193742 0.0195964 0.0206700 0.0204725 0.0198536 0.0204487 0.0201534 0.0197366 0.0197947 0.0204980 0.0198211 0.0197687 0.0198802 0.0195998 0.0199811 0.0198866 0.0194852 0.0196655 0.0203440 0.0200515 0.0197822 0.0191912 0.0193345 0.0196016 0.0194405 0.0198838 0.0203500 0.0203232 0.0203318 0.0200983 0.0201531 0.0202823 0.0194911 0.0203890
0.0204515 0.0204789 0.0208170 0.0213678 0.0196731 0.0200385 0.0203705 0.0196524 0.0197791 0.0199711 0.0206481 0.0194862 0.0189850 0.0196008 0.0202183 0.0202558 0.0200679 0.0198305 0.0195511 0.0194466 0.0203484 0.0198043 0.0198253 0.0214263 0.0200397 0.0192584 0.0201426 0.0191173 0.0197066 0.0204540 0.0197923 0.0200534 0.0199290 0.0192492 0.0197126 0.0198693 0.0197802 0.0197437 0.0205994 0.0198396 0.0197393 0.0198684 0.0209606 0.0207116 0.0202484 0.0199384 0.0193809 0.0191643 0.0206120 0.0199942
0.0198845 0.0211250 0.0205786 0.0200215 0.0205379 0.0200778 0.0201692 0.0199639 0.0198479 0.0191716 0.0199767 0.0204818 0.0202974 0.0199447 0.0195684 0.0201683 0.0196352 0.0199983 0.0197839 0.0203698 0.0200773 0.0197243 0.0202996 0.0204226 0.0195749 0.0191330 0.0200890 0.0203624 0.0198220 0.0203794 0.0201442 0.0203124 0.0199954 0.0195078 0.0191850 0.0206944 0.0194516 0.0201318 0.0203538 0.0203385 0.0199949 0.0198462 0.0197830 0.0202371 0.0199220 0.0190399 0.0202771 0.0194278 0.0193935 0.0204768
